0.989661910526907	-0.429976570925934	0.892895937094724	-0.731047340282053
-0.74742090224163	-0.922827313931309	-2.17865737768676	0.742132059567872
-3.57491734506692	0.512358360717082	-0.0421190817670942	0.0632581715971088
-0.413126005601727	-0.0770609631797635	-2.28496520377104	2.17480600895671
1.96170114848239	2.5198467984894	-2.91746490089977	2.26135178562971
1.90851082200063	1.49624597017853	-4.04289744602872	-0.0235365627147213
2.76373764668841	0.744540128812855	-2.38029134346514	0.82769612652227
1.64469410521518	0.158758445289375	-0.580437883722356	1.47166472381591
-0.220802673461175	-0.850424535108854	-0.875600371400088	0.502983450427947
0.806050640867	0.879286291554285	-1.5893130800062	0.758200893332937
0.680899705109813	0.952113218891573	-0.362716298030683	1.8444829698837
-0.795518067067174	-1.82147584367676	0.0754842499717967	0.0339126808626921
-2.682975917232	-0.735206194907481	-1.48933789888216	0.128769754171389
-0.0969422521420675	0.389633180142126	0.720139617499276	-0.493956437145465
-0.120271437516694	-0.221606773781393	-0.246694131908942	0.0942414115929493
-0.821280360916682	-1.48748815059431	0.327968451190649	-0.0998666171730301
-2.79045609558598	1.71251383512445	-0.568185289878856	0.51948048611446
-1.33460974119808	-0.89737626462231	-0.842832433243736	-0.808040493003119
-0.0631327413982044	-0.675064469596368	0.0140663576614119	0.979746884293802
-1.75448826023179	-1.75180360885112	0.180012572394598	-0.405185220445951
-2.4143058180912	-4.16153861367753	1.57587425708179	1.84031352302033
-0.248592874361678	-0.172182488499626	-1.0622934319823	0.681021445418946
0.134323081102345	0.591521797472537	-1.04605009741627	2.29124202989139
-0.767027803751251	-0.532683520432251	-1.96156373533555	0.248221473675483
-0.994945630078441	1.29663056341436	-0.482765777164609	-0.702033628711986
0.639812314681223	0.949658345866004	-0.926180099511637	1.20110638261642
1.0155795714481	0.995085585026364	-1.43038598836364	0.137412318702514
1.37631244012976	0.819384248294564	0.346371767848601	-0.354940838262666
1.41828153896602	-0.580120207503526	0.300429966350141	-3.25717071915554
0.489596296913812	-0.337304501179189	0.147147122941357	-1.18374121235981
-1.2232205856997	-2.74427270852763	1.17630344614998	-0.641624767712007
0.207940359277151	-0.425520334844347	-0.617902361718547	-0.630847400286515
0.275411365343394	-0.34264251115446	0.605721471857717	0.22672269843197
0.0261076329339821	0.920740498711709	0.568660522395586	-0.0472984159827275
-0.376906024385048	-1.11016790393726	-0.405386546700324	2.25239810130124
0.651176830723429	2.87915275702232	-2.03632594079533	1.71425506482267
2.77177591221038	2.92491302488959	-3.8871579923396	3.69922699549433
2.1701285062492	2.69906176951446	-3.5743538020746	2.24422960459926
2.03788485216942	2.78357669786295	-5.33296389628928	1.42658078367286
2.98377208382477	1.27393697053765	-2.05931715299882	0.478750448414881
2.15603173757464	1.32099498170677	-2.2209853674939	-0.454238469154346
-0.433759947920332	2.33914103533029	-1.97542555684199	0.395768938415993
0.926830892193172	-0.285292405704812	1.54191674423989	0.68292370443113
0.171077105218732	-1.1475538183483	-1.31530767922392	-0.263786252065523
-0.707623741206092	1.76768134774531	-1.96290422811681	0.822048142332078
0.986674659002892	-0.484460798666227	-1.83225904855856	0.997122179773175
-0.0626444358393154	1.74600419995611	-0.418702819439431	-0.519876234953726
1.07432403642952	2.44958880575484	-0.805862469826184	-0.0695604654803626
0.833703065377583	1.98303986144069	-1.99716445921134	-0.302805905799906
0.57960352116017	0.25391169042226	-0.599830598448164	-0.773053714877048
-0.125345239623792	-0.421789167888283	0.756982289532883	-0.722449442995649
0.0724075054227439	-0.809622270952959	1.48796618422571	-1.24494819578819
0.600774778587416	-0.125946171345092	0.973928319749587	1.37503583660032
0.956649206465366	-0.130162377100496	0.990516206513568	-0.630354436701886
-0.00579357617907864	0.0344720628681	2.0093083232796	0.434381270766198
-1.26659640419624	-1.36015111597682	0.968798964751085	0.555301147839841
-2.05723967369329	0.145238745399536	0.80736422909346	1.75965764040847
-0.0239762720847259	1.49690002212284	-1.14582240937987	1.31401430220675
1.16324116688168	0.888282687049862	-1.42489474238313	1.83816682122954
-0.398001778462282	0.00216782099102075	-1.22905530219569	1.11294716887565
-1.273027538464	-0.880252786856074	-0.0847814460832365	0.27267169320067
-1.21157904329531	1.00102213053436	-1.46100332246828	-0.405287351756487
1.44855434532219	1.55413057795844	-1.28360196940686	-0.0295587337988419
1.4022575327704	1.42908966251107	-0.116564810530475	-1.11055965161376
2.14031856418654	-0.108038297223213	-1.55988722407269	0.546234321671872
1.42552675593119	0.88471824690399	0.251384295235227	1.07580722230421
1.37756820786132	0.911358871792346	-0.627524496795931	0.72267258516719
0.693297921402375	0.856254545967797	-1.23381538782137	0.173923754337783
0.366646556644648	1.70952939050553	0.0964149401456252	-0.315405464325674
0.979768111739327	0.039416004180499	1.18390235841665	-0.864092088650939
1.64833627457799	1.53365257590794	-0.396449083676107	-1.04343410620452
1.90968639328245	2.28165391861065	-0.177787536313771	-0.0596417658630145
1.89440524196242	-1.87647004114877	0.504442606071538	-0.607730940590048
-0.438572312976959	-0.84151486781032	0.535759718588727	-0.872731110765873
0.11692007156867	-1.61245030512607	2.48847090350789	-1.18595645065422
-1.65951682801229	-0.624042077347709	2.33678120560395	-0.195236771038925
-0.667165781855297	-0.928212590650798	0.75473814287805	-0.167808210170102
-1.48208549149258	-1.71246727574914	1.60325023568949	-0.375213458909214
-1.50448994194667	0.585437514271089	1.14106790329901	0.510801183517964
0.274820756871726	1.32249287102779	0.401378113450355	-0.978489052365723
0.367992452008541	1.29221262311918	-0.512255715704601	1.98096776634014
1.21102467324563	0.622910045915338	-1.87628570804784	-0.372112823442189
-0.184314947010176	0.683374763964023	-2.83975122760615	0.89479022461804
-0.51535463862424	2.33672396778657	-2.4512673243918	0.812762431261938
0.350143584041567	0.923669194769051	-1.46590905946545	-0.297933999182098
-1.50828161701647	-1.34216699593726	1.5532322221285	0.894222254484735
-0.429773794219914	-0.943619777459269	-0.924746518356539	-0.017536187603058
0.296446830117697	1.99862751800981	0.214106201797131	-1.46262834082053
0.958443936590837	1.17852269281322	-0.130926112085028	1.25148942618814
2.15465586014249	1.29611867717799	-0.399082159872493	-0.574686463797555
0.091386205022236	-1.49996162809687	1.51948719996719	-1.23774120730463
1.25027918728599	0.539064127946742	0.792498850947174	-0.205855775394096
-0.88571472297953	-0.532332696892263	-0.892069305368164	0.254573797762811
1.83684416121016	2.75273739483922	-1.0806619538575	0.324735774616361
0.819900596222788	-0.409177808893207	-0.53238312832916	0.654902551297322
1.30373544392674	-2.39392795832386	1.34057149016582	-2.08614577530815
-1.15160077980366	-1.6646007145966	1.83467313463189	0.242421268436478
-0.56450900098401	-0.931491684636268	0.400156947481521	-0.471508863421792
0.979243083833901	0.00704885385537496	-0.968318901228939	0.412278350620066
0.620380290556228	-1.71527810632223	0.149180908506391	-0.520722364097257
-1.43392357033659	-0.0614708854658491	1.54025706964581	-0.366592817822845
-0.530580949237326	-1.97209695742755	1.23598454195535	-0.797617649343622
-0.711854576087808	-0.517122658639763	1.1180894223126	-0.609334055151745
-2.48517242868821	-2.04203732310903	3.96280517063093	-2.02363995414509
-1.23569642099191	-2.3629210298176	2.21733279613004	-1.59895208313571
-2.53634996430374	-0.957809592522938	2.36173343058286	-1.67261927302138
-1.18878358559201	-1.27879306365291	-0.727825376801402	-0.220664757648014
-2.01831885460694	-0.0840504367736143	-0.387028085368793	0.270509565006574
-1.85568607070297	1.84737122919959	0.138093207794781	0.237983043522087
-0.456620019850738	-1.07089035458008	2.04879099781619	-0.194945130377554
-1.33807263306897	-1.3915687740325	2.32763291689307	-0.099702316405264
0.77920745458808	-0.598838775112594	-1.69499467684153	0.957538260487749
1.22688151386292	0.930018849995954	-1.97464054008743	0.849337796100096
2.81619231024621	0.444469423056601	-2.01810908784879	-0.465996550849017
2.68668681048463	2.47875890063595	-1.29157823879151	-0.996315306007264
1.9668484623017	0.212936710762921	1.47585770605101	-0.714689137912032
2.39635874433537	1.96064633611689	0.0176258516518225	0.264911688400607
2.68905115040467	1.78660168061849	-2.4908689778809	2.77006832684196
0.596335775106227	0.026455117810976	-3.85452965753475	2.44477717784929
-1.01506764255789	1.47430761522552	-3.78278971022643	0.298378439076552
-0.0294303508650614	-1.31793621672515	-0.0277362252803317	0.674780707609313
0.454556205151844	0.208249156725014	-0.568510709221083	0.77795037226592
-0.799600932069997	-0.409705075106807	-1.37368890701569	-2.02505128387803
0.0120756961737794	1.95248958471237	0.0829079923816329	0.414064043587618
2.22281667009531	-0.437890099553726	-0.413341330084248	-0.521733825812732
-1.18014055096058	-0.52932786318832	1.32728199814467	-1.33286786926354
-0.175324089690854	0.0998645154117693	0.720915941845064	0.177278957205303
-0.831121160130011	-2.20212485855562	1.23750151159374	0.619097314887497
-1.03267920020285	-1.31806131444215	-0.331043318715154	0.285560384271026
-2.39184842640832	0.497576503899415	-0.0637365585353835	0.938301979266418
0.484514902860566	0.689539857903035	-0.155406293785344	-0.804419008177351
0.0751270533019521	-0.631520966655106	0.59823012713166	-0.302925721771768
-0.630499358394227	-1.6096280999831	0.595991511716143	-1.07052846958521
-2.19021190211452	-0.369022948216152	-0.344684529074752	2.98678327786607
-0.759630760678946	0.470671864522408	-2.62560677760031	-0.351170513347412
1.53876067188508	3.15480406527236	-4.09727041002499	0.00207491689758978
0.370069355536233	1.12099680072112	-2.00706581566384	-1.3854083758443
-0.563319964122204	0.194430248260176	0.157986659268181	-0.230827463256944
-1.67941431533895	-1.48861545003372	1.30547310190323	0.241424042230163
-0.679723328879356	-2.35724435208605	0.85592449577426	0.496840512638542
-1.94968003791098	-2.85344686044326	1.8705216176498	1.0680685313508
-0.245780359828353	0.0845000781557073	0.568018457821443	0.430422774400538
-0.539434119541753	-1.47377718223562	-0.0764085233504939	1.35461000767106
-0.868893835350275	-1.56852764747849	-1.00028879189801	1.11537687891225
-1.49904149866697	-0.78258961576914	1.15278044001163	1.85010752197382
-2.01998031914676	-1.3251877516175	-0.0768904640119099	-0.966858962081384
-0.847035988712976	-0.541984586422183	-1.84573700710589	0.192290885051812
0.324080658422268	2.45585213136202	-0.446796630679014	-0.231056884424736
0.59010206487889	-0.610270812505559	3.43501105770055	-0.517675322972698
-1.04473907927915	-3.00488714460081	2.09416134678487	-0.479226736767756
-3.2196520507849	-1.91742534252708	-0.385003231763036	-0.2165322473388
-1.97425168244405	-1.31054228689564	-2.2283166742652	-0.0861242825250063
-1.60561342489754	0.756467242360504	-0.268325026011513	-1.97979352421834
-0.770195566038063	0.618912520836676	-1.09635933025198	0.53695560560838
-1.24515844156345	-1.60174662822757	-0.0111487010123826	0.221216337826695
-2.1437793421628	-2.51719983610638	-0.697291177960792	0.327141645790672
-1.70729529190034	-1.1744559937222	-0.0334889823908481	0.882935421405211
0.108103070296535	-1.61168503086954	2.26652918903934	0.897233481363262
-1.51166881430471	-0.918960494337481	1.58490574848245	-1.4560204106295
-1.78486641118415	-1.73648864922328	2.72715736332483	-0.950749045865398
-1.2587571403824	-1.55021007994767	2.11821802468183	1.29868664534744
-0.923517298890845	-1.06969812723059	-0.00656005488816913	-0.238847697553872
1.09623107459152	-0.620153656934669	2.36124223975341	-0.195462666269118
-0.611631088743572	-1.40138270377998	1.73541309766743	-0.470632254595471
-1.60436592425035	-1.91374415502088	0.906478412419938	0.0332357729578163
-2.33337692116799	-1.77193616573328	0.506419731263778	-0.311045037027388
1.09085538363408	-1.05200559557763	0.466128189090218	-0.60329451832091
-0.486663440440306	0.315384640399051	2.32097538758496	-2.65569761793008
-1.80981952580318	-3.38617420702805	4.1739115785427	-0.820925775099503
-1.08672431505336	-0.340019872391993	0.505410989632306	1.31495166577622
-0.950591923187109	0.00446874440200248	1.49410504221449	-0.365521868191048
-2.28112264177924	1.40837452139025	0.0502924182816757	-2.52115646046965
-0.529699159406026	-1.21802292350684	0.0678750632306229	0.361967126895978
-1.8231431559054	-0.409124236309806	0.877142211167483	1.19495606095933
0.954824050978945	2.75276874192114	-1.81250156183245	2.41494219512527
1.57094103668137	1.18879827544653	-2.75169216053573	0.651067820942659
-0.0363822617392802	0.960978730417292	-1.20597527286662	0.00374508326423678
0.328774684180777	-0.598055272468639	0.612945748210964	-0.696914973282374
3.14652281906856	0.343371242130347	-0.582195483836314	-0.0576480058965203
0.0861716041310996	-0.561450360139021	0.746918987811602	-0.512668399121476
-1.51343686939795	-1.92891401441143	1.15566000665957	-0.551534325531772
-2.33131093354014	1.68305058746316	-0.373496695228261	-2.73931194653965
-1.99331564121262	0.42669791609136	-1.02919327365275	-0.846631515282818
-1.88133724681349	0.0999640683839936	-0.628509624306546	0.831166978200866
0.688514314669587	0.864697520920995	-1.83927846637625	0.758202417135353
0.969398671068076	2.22837515071327	-2.41770485896635	0.565843567718355
0.203403062008087	3.57916485589653	-2.34641616616102	1.19412270245029
1.19684542892252	1.53421776992205	-3.13955706098956	-0.558194618322126
0.404418741473635	2.77733654939769	-3.15294017460615	0.109816316536817
1.56439013049342	1.16911468664455	-1.01688931494329	-1.43801117773924
1.25120052406859	-0.197545739926743	2.54224830384509	0.598343024870101
0.934537990947065	-0.268144626319585	-0.893041340159641	1.29121674271413
-0.114731552827263	-0.0202033774113751	-0.922152440149735	-0.251341098625362
-0.193349945671985	0.124175803434464	-0.141743016878307	-1.04495263242524
-0.351657457500855	-1.01163050193388	1.19327653479258	-1.74490564743672
-0.440119881063837	-2.25491591599146	2.37613861348298	-0.455741798509885
-1.84116842857684	-2.54423799325118	1.09103590456532	1.52099744001808
0.114191562332201	1.08845542229025	-1.54105805291561	0.0101519041355891
1.28137149638362	1.24408668300861	0.833923535571529	0.659171515139115
0.634697530930807	1.23309544597253	-0.547139083761505	1.13116523998384
